# Created by Octave 3.6.4, Mon Jun 16 13:13:54 2014 AUS Eastern Standard Time <unknown@PHYSICS3>
# name: ref
# type: sparse bool matrix
# nnz: 6264
# rows: 1000
# columns: 1000
4 2 1
3 3 1
4 3 1
5 3 1
6 3 1
4 4 1
5 4 1
6 4 1
7 4 1
6 5 1
7 5 1
8 5 1
9 5 1
7 6 1
8 6 1
9 6 1
10 6 1
11 6 1
9 7 1
10 7 1
11 7 1
12 7 1
13 7 1
10 8 1
11 8 1
12 8 1
13 8 1
14 8 1
12 9 1
13 9 1
14 9 1
15 9 1
16 9 1
13 10 1
14 10 1
15 10 1
16 10 1
17 10 1
18 10 1
15 11 1
16 11 1
17 11 1
18 11 1
19 11 1
20 11 1
16 12 1
17 12 1
18 12 1
19 12 1
20 12 1
21 12 1
22 12 1
17 13 1
18 13 1
19 13 1
21 13 1
22 13 1
23 13 1
24 13 1
19 14 1
20 14 1
21 14 1
23 14 1
24 14 1
25 14 1
20 15 1
21 15 1
22 15 1
25 15 1
26 15 1
27 15 1
22 16 1
23 16 1
26 16 1
27 16 1
28 16 1
29 16 1
23 17 1
24 17 1
25 17 1
28 17 1
29 17 1
30 17 1
31 17 1
24 18 1
25 18 1
26 18 1
30 18 1
31 18 1
32 18 1
33 18 1
26 19 1
27 19 1
32 19 1
33 19 1
34 19 1
35 19 1
27 20 1
28 20 1
34 20 1
35 20 1
36 20 1
37 20 1
28 21 1
29 21 1
36 21 1
37 21 1
38 21 1
39 21 1
29 22 1
30 22 1
38 22 1
39 22 1
40 22 1
41 22 1
30 23 1
31 23 1
40 23 1
41 23 1
42 23 1
43 23 1
31 24 1
32 24 1
42 24 1
43 24 1
44 24 1
45 24 1
32 25 1
33 25 1
44 25 1
45 25 1
46 25 1
47 25 1
33 26 1
34 26 1
46 26 1
47 26 1
48 26 1
49 26 1
241 26 1
242 26 1
243 26 1
369 26 1
370 26 1
371 26 1
389 26 1
390 26 1
391 26 1
392 26 1
713 26 1
714 26 1
34 27 1
35 27 1
48 27 1
49 27 1
50 27 1
51 27 1
52 27 1
238 27 1
239 27 1
240 27 1
241 27 1
242 27 1
243 27 1
244 27 1
245 27 1
366 27 1
367 27 1
368 27 1
369 27 1
370 27 1
371 27 1
372 27 1
373 27 1
374 27 1
387 27 1
388 27 1
389 27 1
390 27 1
391 27 1
392 27 1
393 27 1
394 27 1
711 27 1
712 27 1
713 27 1
714 27 1
715 27 1
35 28 1
36 28 1
50 28 1
51 28 1
52 28 1
53 28 1
54 28 1
236 28 1
237 28 1
238 28 1
239 28 1
240 28 1
244 28 1
245 28 1
246 28 1
247 28 1
364 28 1
365 28 1
366 28 1
367 28 1
368 28 1
372 28 1
373 28 1
374 28 1
375 28 1
376 28 1
377 28 1
378 28 1
379 28 1
380 28 1
381 28 1
382 28 1
383 28 1
384 28 1
385 28 1
386 28 1
387 28 1
388 28 1
393 28 1
394 28 1
395 28 1
709 28 1
710 28 1
711 28 1
712 28 1
715 28 1
716 28 1
36 29 1
37 29 1
53 29 1
54 29 1
55 29 1
56 29 1
57 29 1
233 29 1
234 29 1
235 29 1
236 29 1
237 29 1
246 29 1
247 29 1
248 29 1
249 29 1
362 29 1
363 29 1
364 29 1
365 29 1
375 29 1
376 29 1
377 29 1
378 29 1
379 29 1
380 29 1
381 29 1
382 29 1
383 29 1
384 29 1
385 29 1
386 29 1
395 29 1
396 29 1
397 29 1
707 29 1
708 29 1
709 29 1
710 29 1
715 29 1
716 29 1
37 30 1
38 30 1
55 30 1
56 30 1
57 30 1
58 30 1
59 30 1
60 30 1
230 30 1
231 30 1
232 30 1
233 30 1
234 30 1
235 30 1
248 30 1
249 30 1
250 30 1
251 30 1
252 30 1
359 30 1
360 30 1
361 30 1
362 30 1
363 30 1
396 30 1
397 30 1
398 30 1
399 30 1
705 30 1
706 30 1
707 30 1
708 30 1
716 30 1
717 30 1
38 31 1
39 31 1
58 31 1
59 31 1
60 31 1
61 31 1
62 31 1
63 31 1
227 31 1
228 31 1
229 31 1
230 31 1
231 31 1
232 31 1
250 31 1
251 31 1
252 31 1
253 31 1
254 31 1
357 31 1
358 31 1
359 31 1
360 31 1
361 31 1
398 31 1
399 31 1
400 31 1
401 31 1
703 31 1
704 31 1
705 31 1
706 31 1
717 31 1
718 31 1
39 32 1
40 32 1
61 32 1
62 32 1
63 32 1
64 32 1
65 32 1
66 32 1
224 32 1
225 32 1
226 32 1
227 32 1
228 32 1
229 32 1
253 32 1
254 32 1
255 32 1
256 32 1
257 32 1
354 32 1
355 32 1
356 32 1
357 32 1
358 32 1
400 32 1
401 32 1
402 32 1
403 32 1
701 32 1
702 32 1
703 32 1
704 32 1
717 32 1
718 32 1
40 33 1
41 33 1
64 33 1
65 33 1
66 33 1
67 33 1
68 33 1
69 33 1
221 33 1
222 33 1
223 33 1
224 33 1
225 33 1
226 33 1
255 33 1
256 33 1
257 33 1
258 33 1
259 33 1
352 33 1
353 33 1
354 33 1
355 33 1
356 33 1
402 33 1
403 33 1
404 33 1
405 33 1
406 33 1
698 33 1
699 33 1
700 33 1
701 33 1
702 33 1
718 33 1
719 33 1
41 34 1
42 34 1
67 34 1
68 34 1
69 34 1
70 34 1
71 34 1
72 34 1
218 34 1
219 34 1
220 34 1
221 34 1
222 34 1
223 34 1
258 34 1
259 34 1
260 34 1
261 34 1
262 34 1
349 34 1
350 34 1
351 34 1
352 34 1
353 34 1
404 34 1
405 34 1
406 34 1
407 34 1
408 34 1
696 34 1
697 34 1
698 34 1
699 34 1
700 34 1
718 34 1
719 34 1
41 35 1
42 35 1
70 35 1
71 35 1
72 35 1
73 35 1
74 35 1
75 35 1
76 35 1
214 35 1
215 35 1
216 35 1
217 35 1
218 35 1
219 35 1
220 35 1
260 35 1
261 35 1
262 35 1
263 35 1
264 35 1
265 35 1
347 35 1
348 35 1
349 35 1
350 35 1
351 35 1
407 35 1
408 35 1
409 35 1
410 35 1
694 35 1
695 35 1
696 35 1
697 35 1
719 35 1
720 35 1
42 36 1
43 36 1
73 36 1
74 36 1
75 36 1
76 36 1
77 36 1
78 36 1
79 36 1
80 36 1
210 36 1
211 36 1
212 36 1
213 36 1
214 36 1
215 36 1
216 36 1
217 36 1
263 36 1
264 36 1
265 36 1
266 36 1
267 36 1
268 36 1
344 36 1
345 36 1
346 36 1
347 36 1
348 36 1
409 36 1
410 36 1
411 36 1
412 36 1
692 36 1
693 36 1
694 36 1
695 36 1
720 36 1
721 36 1
43 37 1
44 37 1
77 37 1
78 37 1
79 37 1
80 37 1
81 37 1
82 37 1
83 37 1
84 37 1
206 37 1
207 37 1
208 37 1
209 37 1
210 37 1
211 37 1
212 37 1
213 37 1
266 37 1
267 37 1
268 37 1
269 37 1
270 37 1
271 37 1
272 37 1
340 37 1
341 37 1
342 37 1
343 37 1
344 37 1
345 37 1
346 37 1
411 37 1
412 37 1
413 37 1
414 37 1
690 37 1
691 37 1
692 37 1
693 37 1
720 37 1
721 37 1
44 38 1
45 38 1
81 38 1
82 38 1
83 38 1
84 38 1
85 38 1
86 38 1
87 38 1
88 38 1
202 38 1
203 38 1
204 38 1
205 38 1
206 38 1
207 38 1
208 38 1
209 38 1
269 38 1
270 38 1
271 38 1
272 38 1
273 38 1
274 38 1
275 38 1
276 38 1
336 38 1
337 38 1
338 38 1
339 38 1
340 38 1
341 38 1
342 38 1
343 38 1
413 38 1
414 38 1
415 38 1
416 38 1
417 38 1
687 38 1
688 38 1
689 38 1
690 38 1
691 38 1
721 38 1
722 38 1
44 39 1
45 39 1
85 39 1
86 39 1
87 39 1
88 39 1
89 39 1
90 39 1
91 39 1
92 39 1
93 39 1
197 39 1
198 39 1
199 39 1
200 39 1
201 39 1
202 39 1
203 39 1
204 39 1
205 39 1
273 39 1
274 39 1
275 39 1
276 39 1
277 39 1
278 39 1
279 39 1
280 39 1
281 39 1
331 39 1
332 39 1
333 39 1
334 39 1
335 39 1
336 39 1
337 39 1
338 39 1
339 39 1
415 39 1
416 39 1
417 39 1
418 39 1
419 39 1
685 39 1
686 39 1
687 39 1
688 39 1
689 39 1
721 39 1
722 39 1
45 40 1
46 40 1
89 40 1
90 40 1
91 40 1
92 40 1
93 40 1
94 40 1
95 40 1
96 40 1
97 40 1
98 40 1
192 40 1
193 40 1
194 40 1
195 40 1
196 40 1
197 40 1
198 40 1
199 40 1
200 40 1
201 40 1
277 40 1
278 40 1
279 40 1
280 40 1
281 40 1
282 40 1
283 40 1
284 40 1
285 40 1
286 40 1
287 40 1
288 40 1
324 40 1
325 40 1
326 40 1
327 40 1
328 40 1
329 40 1
330 40 1
331 40 1
332 40 1
333 40 1
334 40 1
335 40 1
418 40 1
419 40 1
420 40 1
421 40 1
683 40 1
684 40 1
685 40 1
686 40 1
722 40 1
723 40 1
46 41 1
47 41 1
94 41 1
95 41 1
96 41 1
97 41 1
98 41 1
99 41 1
100 41 1
101 41 1
102 41 1
103 41 1
104 41 1
186 41 1
187 41 1
188 41 1
189 41 1
190 41 1
191 41 1
192 41 1
193 41 1
194 41 1
195 41 1
196 41 1
282 41 1
283 41 1
284 41 1
285 41 1
286 41 1
287 41 1
288 41 1
289 41 1
290 41 1
291 41 1
292 41 1
293 41 1
294 41 1
295 41 1
296 41 1
297 41 1
298 41 1
299 41 1
313 41 1
314 41 1
315 41 1
316 41 1
317 41 1
318 41 1
319 41 1
320 41 1
321 41 1
322 41 1
323 41 1
324 41 1
325 41 1
326 41 1
327 41 1
328 41 1
329 41 1
330 41 1
420 41 1
421 41 1
422 41 1
423 41 1
424 41 1
681 41 1
682 41 1
683 41 1
684 41 1
723 41 1
724 41 1
47 42 1
48 42 1
99 42 1
100 42 1
101 42 1
102 42 1
103 42 1
104 42 1
105 42 1
106 42 1
107 42 1
108 42 1
109 42 1
110 42 1
111 42 1
114 42 1
179 42 1
180 42 1
181 42 1
182 42 1
183 42 1
184 42 1
185 42 1
