# Created by Octave 3.6.4, Tue Aug 13 15:56:54 2013 EST <meshach@MeshachBlue>
# name: app
# type: matrix
# rows: 1
# columns: 261
 6 6 6 6 6 6 6 6 6 6 6 6 6 6 6 6 6 6 6 6 6 6 6 6 6 6 6 6 6 6 6 6 6 6 6 6 6 6 6 6 6 6 6 6 6 6 6 6 6 6 6 6 6 6 6 6 6 6 6 6 6 6 6 6 6 6 6 6 6 6 6 6 6 6 6 6 6 10 10 10 10 10 10 10 10 10 10 10 10 10 10 10 10 10 10 10 10 10 10 10 10 10 10 10 10 10 10 10 10 10 10 10 10 10 10 10 10 10 10 10 10 10 10 10 10 10 10 10 10 10 10 10 10 10 10 10 10 10 10 10 10 10 10 10 10 10 10 10 10 10 10 10 10 10 10 10 10 10 10 10 10 10 10 10 10 10 10 15 15 15 15 15 15 15 15 15 15 15 15 15 15 15 15 15 15 15 15 15 15 15 15 15 15 15 15 15 15 15 15 15 15 15 15 15 15 15 15 15 15 15 15 15 15 15 15 15 15 15 15 15 15 15 15 15 15 15 15 15 20 20 20 20 20 20 20 20 20 20 20 20 20 20 20 20 20 20 20 20 20 20 20 20 20 20 20 25 25 25 25 25 25


# name: eng
# type: matrix
# rows: 1
# columns: 261
 6 6 6 6 6 6 6 6 6 6 6 6 6 6 6 6 6 6 6 6 6 6 6 6 6 6 6 6 6 6 6 6 6 6 6 6 6 9 9 9 9 9 9 9 9 9 9 9 9 9 9 9 9 9 9 9 9 9 9 9 9 9 12 12 12 12 12 12 12 12 12 12 12 16 16 16 16 6 6 6 6 6 6 6 6 6 6 6 6 6 6 6 6 6 6 6 6 6 6 6 6 6 6 6 6 6 6 6 6 6 6 6 6 6 6 6 6 6 6 6 6 6 6 9 9 9 9 9 9 9 9 9 9 9 9 9 9 9 9 9 9 9 9 9 9 9 12 12 12 12 12 12 12 12 12 12 12 12 12 12 16 16 16 16 16 16 16 6 6 6 6 6 6 6 6 6 6 6 6 6 6 9 9 9 9 9 9 9 9 9 9 9 9 9 9 9 9 9 12 12 12 12 12 12 12 12 12 12 12 12 12 12 12 12 12 16 16 16 16 16 16 16 16 16 16 16 16 16 6 6 6 6 9 9 9 9 9 9 9 9 9 9 12 12 12 12 12 12 12 12 12 16 16 16 16 9 9 12 16 16 16


# name: eqfs
# type: matrix
# rows: 1
# columns: 261
 3.43358030111581 4.09309938846812 3.7674800354049 3.60055397399728 3.51648275547159 3.4206477493204 3.52277905909084 3.86582440599028 4.60518796931102 3.93013783212515 4.46841795300866 4.67444280235253 4.0306993681149 4.78918449097993 4.53365378260169 3.89473684210526 4.19866751056403 4.70515718707937 4.8340894750337 4.41917253256491 4.64829519280413 4 4.6339706743274 4.4584881230626 5.5390829965991 4.21052631578947 4.42105263157895 4.47337460228964 5.39107706412711 4.96190473658639 4.94288710815743 5.02073263903656 4.86834992835671 5.29464266945654 5.05153496871656 5.28783687688691 5.8888598523068 3.43358030111581 3.1578947368421 3.48324044374196 3.79823548477236 3.8861926193631 4.15756161223821 3.67065174192899 3.82440044728104 4.6339706743274 4.49067979109506 5.09195226208329 3.94736842105263 4 4.94176614497074 4.28293010738083 4.20921032065941 4.360487405728 4.9192932402307 4.55954753064496 5.07014508580728 5.62148628329208 5.05153496871656 5.07724269183585 5.40851898049058 5.8655291434758 3.79823548477236 4.45600220810878 3.97777760582972 3.99861471857318 4.19866751056403 4 4.694548025469 4.80073863199637 5.08868714327235 4.97751175475237 6.10526315789474 3.68946993017303 4 4 4.89445386844744 5.60964740819968 4.24720863196464 4.79149754810149 4.8340894750337 5.12232634130376 5.1910854761844 5.61951486949016 5.95458342051829 5.66663950892412 6.43742520059817 5.09195226208329 4.94736842105263 6.20874193812995 7.21954871557147 6.10707777025696 5.79425639769385 5.47267197118146 6.2894186300167 6.78314678688365 7.43131056619907 7.49367230760324 7.75525913953426 6.57368210357726 6.79742496461598 7.06126729736776 7.43652735207582 7.20687575664692 7.07067605210386 8.09910907859846 7.97537762111902 7.12570159834792 7.34960002303628 8.006230260971121 7.7379161445694 9.417376524776859 7.52465936869959 8.583950752789519 8.23680006715353 8.446343600730829 9.41502306315701 9.41502306315701 8.85963175263192 8.941793929092761 8.94736842105263 9.52268031823044 10 4.57016702022998 5.31552891492741 5.42896714030637 5.80381000088009 5.59184209907092 6.28853769736583 5.71143577526338 5.858440888145 8.01902170724548 6.0469080489874 7.09062820279341 7.60885910252682 6.15587011251092 7.06126729736776 7.57967832732408 8.471559066629389 7.36766913456721 8.583950752789519 8.98135958219012 8.40804917080804 9.169230733478541 9.22480096850806 9.303738860624989 4.9819619226102 6.99505167403627 7.35939296545202 6.33155925971476 7.60885910252682 7.54157452130441 7.24712188549832 7.67230512479645 7.824246709115 8.036619788053221 8.71843336456786 8.025927514335899 9.48537290616321 9.33910255672872 5.19748500868569 6.22389284172399 8.51851494997271 7.73523076668372 7.7752359211029 9.116056881941461 8.8636954456315 7.80652472325859 8.26231976976438 9.0703620734811 8.47286691056873 9.161523781857481 9.986139979479089 10.313641022245 10.2034701608864 11.4524187286722 9.986139979479089 10.4258362226647 10.9392682583298 11.039089448178 14.0989773896869 7.3201425897742 6.98236797969558 9.267941348654791 7.70149462056436 8.07513196379397 9.30403659455984 9.885774216314861 9.32277466336191 10.151211327361 10.2262494241691 9.87455949436511 9.508707192114709 10.4206538998678 10.4258362226647 11.9771250116923 12.9126620843753 14.0989773896869 6.7236713358616 9.320397314180489 8.14345071045955 9.218793282446869 8.743814592545339 9.45260813500785 8.72097481145599 9.002308106621181 8.762802268744171 10.6923743764467 10.1402901716146 9.508707192114709 11.6028461500256 11.4005394244735 11.4912950312767 12.1052631578947 14.7308258396092 7.55258573248509 7.80652472325859 9.33524581381938 8.781748890363881 9.42913502170892 9.002308106621181 9.87455949436511 10.6466802597813 10.6310578298548 11.3445167786834 11.4005394244735 10.9468623364803 13.1114971433746 13.856406460551 16.7100082804079 15.2169900671454 16.6774849469314 10.9686028876735 11.0400931386332 15.3301614608429 13.0496601031929 13.7314972461308 14.4377544466792 15.2169900671454 15.3344975269629 15.6520334009511 17.9355571568412 10.5431444425675 12.3768168592683 10.8502779621517 12.3521729782787 11.1648439134718 13.0203335545821 13.8436060823357 16.8025852119873 16.1052631578947 10.6336631620419 11.4587058195143 14.5856910111063 15.2704156972843 19.3672768540748 20.3952631511037 21.5108038306439 15.2540807854626 17.1343073257902 21.5108038306439


